983.78
1090.6
1160.64
1251.25
1038.0
846.0
1193.6100000000001
1001.6999999999998
1111.36
1016.3399999999999
1022.3600000000001
1076.83
0
1123.98
1105.54
860.5999999999999
1070.08
1251.1799999999998
1290.15
996.54
0
0
1083.2400000000002
1185.52
1025.7
1030.0
1010.24
1052.45
2043.0
1163.72
1343.4
1186.1100000000001
1047.49
1118.49
1162.98
1015.2
1124.64
1285.0600000000004
1304.6499999999999
2748.0499999999997
1003.2
1053.75
1001.64
1001.5600000000001
0
960.05
962.0099999999999
1230.63
906.48
1064.3600000000001
940.3199999999999
1219.94
0
1182.9599999999998
1404.1499999999999
1098.2599999999998
1386.4500000000003
994.9200000000001
1120.27
975.36
997.8100000000001
967.75
1142.3999999999999
1012.8299999999999
946.02
1085.7599999999998
1068.86
1470.9599999999998
1416.96
1086.4199999999998
1227.52
1150.8000000000002
1140.3400000000001
1077.6
1176.03
1091.63
1135.0
1285.7
0
1110.14
999.5699999999999
1158.36
1211.85
999.9000000000001
0
0
0
1115.52
1267.1599999999999
0
1134.25
1431.0
1215.2
1039.8000000000002
998.01
998.01
986.1
997.6799999999998
1140.2800000000002
1147.33
1128.38
956.8000000000001
1263.69
1002.15
1355.2
1080.69
1105.4399999999998
1048.96
1036.6399999999999
1076.66
1044.0
1147.62
1074.0600000000002
0
1081.32
1185.25
1159.6000000000001
1175.7119999999998
1578.88
1098.16
1294.3
1289.25
1004.85
0
990.85
0
1063.6
1086.98
1089.7200000000003
1076.04
1225.43
1045.4
998.91
0
1015.6800000000001
0
1068.4099999999999
1335.0
1357.59
1204.8400000000001
1090.98
1139.6000000000001
1134.6000000000001
1268.4999999999998
1091.72
1015.56
1354.3
1002.8000000000002
1260.197
1171.24
1176.0800000000002
1253.24
1019.2800000000002
999.9
919.6
1287.75
1092.42
1030.8
1175.28
1104.92
1101.0
1266.99
1010.1000000000001
1000.0
1003.52
0
1036.83
1132.56
1097.52
1055.7
932.9000000000001
1369.4400000000003
1035.72
1078.65
1056.72
1053.52
1530.75
1129.6499999999999
1123.162
0
1133.9
1249.84
1155.6599999999999
0
1088.24
984.15
1068.87
1071.6000000000001
1264.0
1018.4000000000001
1332.2250000000001
1017.0
0.0
1002.4200000000001
975.44
1252.0
1001.92
0
1005.8899999999999
0
1020.3000000000001
1139.67
1099.22
1377.25
1024.68
1471.1000000000001
823.72
1389.38
1227.0
1093.8400000000001
1272.3200000000002
1263.68
24999.999999999996
1172.85
1121.1200000000001
1345.0
1183.26
1236.24
1074.57
999.5000000000001
1587.0400000000002
0
991.9
1189.8700000000001
1177.38
1282.6
1157.39
1219.1799999999998
1082.0400000000002
1208.68
1455.2
1307.9499999999998
1253.9799999999996
1292.72
1333.1999999999998
1191.3600000000001
1197.2
1036.5600000000002
1082.16
1197.1999999999998
1638.8200000000002
1162.04
1102.08
1254.184
1610.73
1019.13
1025.96
1091.2
1013.28
1013.7000000000002
1101.977
1120.35
1357.18
0
1007.72
1165.11
1291.1499999999999
1352.8899999999999
1152.45
1015.0500000000001
1008.62
0
996.2
1146.09
1323.3
1104.8999999999999
897.88
1817.16
944.24
1097.7199999999998
1259.5500000000002
1262.24
1035.8400000000001
1025.85
1257.44
1125.95
1305.21
1023.4599999999999
1149.5
1205.9999999999998
1015.3
1285.0
1031.55
1212.64
1116.4999999999998
1251.1999999999998
1276.77
0
1316.7
1029.42
1010.6999999999999
1145.76
1327.2
1195.54
1050.06
1073.16
770.0
990.8999999999999
1123.78
1081.92
1104.1799999999998
1089.0
1102.29
1188.0
1344.81
1057.42
1250.3999999999999
1159.28
991.2599999999999
1147.04
1266.3600000000001
1081.92
1289.36
868.6499999999999
1289.4500000000003
1168.5
1048.95
1723.1999999999998
1052.25
1070.19
1041.4399999999998
1424.0
1076.6599999999999
1083.24
1064.95
1381.88
1251.3200000000002
1008.9899999999999
1137.3500000000001
1138.48
1052.1
1107.6000000000001
934.29
1330.3
1027.39
1049.76
1014.91
1055.7
1037.29
1054.44
1046.8799999999999
1039.68
1134.9799999999998
1006.5600000000001
1098.74
1105.1399999999999
1015.04
1276.67
1006.4599999999998
1066.92
1045.71
1370.7200000000003
1164.6699999999998
1122.59
1020.0
1376.4
1035.6499999999999
1240.47
1055.04
1017.5
1075.59
1023.66
1251.36
1041.8400000000001
1123.2
1053.63
1044.58
1175.72
1152.8700000000001
1021.5
1037.4
1010.82
1057.26
1008.4000000000001
1146.6
1367.46
1098.72
991.08
999.0
1070.39
1034.74
1000.85
1548.04
1030.68
991.42
1004.7599999999999
972.24
1035.6899999999998
1354.6000000000001
1081.5
1538.8799999999999
1213.8
1028.79
1130.26
1051.96
1032.1200000000001
1043.77
1370.8200000000002
1112.8
0.0
1035.18
1117.14
995.2099999999999
1108.76
1222.08
1015.2300000000001
1119.3600000000001
1088.64
1392.3
1054.6800000000003
1092.0
1046.4
1304.16
0
1210.86
1127.48
918.96
1053.01
1042.23
1447.3
992.6800000000001
972.0
1060.53
1000.8000000000001
953.28
986.8499999999999
1112.41
1308.0599999999997
0
1266.7
1695.75
0
1041.78
1069.38
1011.27
1191.6
1069.4999999999998
1186.0199999999998
1119.3
1050.87
1007.7600000000001
1191.3899999999999
1063.05
965.6
1031.7600000000002
1042.47
1065.9
1048.68
1010.0
1005.84
1424.94
1050.3
1001.9100000000001
1019.7
0
0
0
1265.5800000000002
1270.5
1025.5
991.41
1079.68
999.5999999999999
0
996.4
0
1004.9200000000001
1055.34
990.45
0
1378.08
1103.16
1056.1599999999999
1126.5
1175.58
1050.42
1077.66
1077.8700000000001
1079.96
998.76
1264.0
1039.74
1226.3999999999999
1207.8
0
1074.15
1063.55
1152.21
1024.92
1009.3999999999999
1006.8600000000001
0
1479.66
1469.6799999999998
1101.75
1042.3600000000001
1116.84
1020.0499999999998
981.4999999999999
1015.25
1017.5200000000001
1191.1
1005.25
1134.84
1258.74
2119.45
1091.7
1292.76
1062.56
1037.3999999999999
1080.8300000000002
1063.1999999999998
1403.52
14703.0
1016.96
1316.53
1173.06
1103.4599999999998
1069.11
981.3000000000001
1113.1299999999999
953.04
985.2299999999999
1110.74
1204.96
1054.73
1055.25
1142.0
1109.4
1076.72
1363.44
1158.17
1148.02
1095.73
1138.06
1082.9
1035.6299999999999
960.0
875.75
1030.8799999999999
1005.1
1108.08
1103.31
1072.68
1230.32
1030.47
999.68
1116.3
1100.8799999999999
1048.21
1383.4799999999998
1019.52
1303.24
1126.3600000000001
1116.42
1008.7000000000002
1224.3
1066.6000000000001
996.24
1098.1599999999999
1177.75
1042.7199999999998
1233.0
973.5700000000002
1402.08
1160.0
1066.68
1175.28
1032.64
1199.95
1059.1499999999999
1076.88
1130.9199999999998
1023.55
1422.0
1312.6200000000001
1147.4099999999999
1131.09
1140.6200000000001
1212.42
1110.7
953.1600000000001
1181.9999999999998
1142.1000000000001
1213.8000000000002
1479.5000000000002
0
1205.1599999999999
1002.3299999999999
1000.74
1008.7099999999999
1006.0
1024.8
1007.0
1009.77
0
1050.1299999999999
1050.7
1509.84
988.8000000000001
1186.647
1114.58
1003.86
1085.5000000000002
1469.1200000000001
1099.1999999999998
1013.22
1079.5199999999998
1003.7299999999999
1009.84
1115.4
1192.821
0
0
1168.5
1028.85
1047.42
1005.1200000000001
1457.98
1008.0899999999999
1023.96
1111.53
975.96
1109.25
1097.6000000000001
1005.72
994.32
1012.7
1013.4300000000001
994.3199999999999
987.0
773.32
